1 2020 1 80.5 2.6
1 2021 1 78.3 3.2
1 2022 1 80.2 4.5
1 2023 1 80.6 2.8
1 2024 1 77.8 2.6
1 2025 1 76.4 4.0
2 2020 1 77.6 4.1
2 2021 1 80.7 5.1
2 2022 1 78.6 5.3
2 2023 1 81.5 3.5
2 2024 1 81.5 5.6
2 2025 1 79.2 4.0
3 2020 1 82.5 5.5
3 2021 1 78.6 4.8
3 2022 1 82.7 6.3
3 2023 1 82.9 6.7
3 2024 1 82.0 7.4
3 2025 1 81.6 6.2
4 2020 1 82.0 7.4
4 2021 1 83.0 7.2
4 2022 1 83.0 5.6
4 2023 1 81.4 6.4
4 2024 1 81.5 6.2
4 2025 1 82.4 6.3
5 2020 1 85.3 7.6
5 2021 1 83.2 7.1
5 2022 1 81.8 9.3
5 2023 1 82.9 8.3
5 2024 1 79.8 8.7
5 2025 1 78.9 7.6
6 2020 1 87.2 9.4
6 2021 1 84.7 9.5
6 2022 1 85.7 9.5
6 2023 1 82.2 7.6
6 2024 1 82.3 8.3
6 2025 1 81.4 9.5
7 2020 1 86.9 2.5
7 2021 1 85.8 2.7
7 2022 1 87.1 2.9
7 2023 1 83.8 2.5
7 2024 1 85.3 2.5
7 2025 1 85.4 4.2
8 2020 1 84.7 3.2
8 2021 1 88.1 4.0
8 2022 1 84.0 2.6
8 2023 1 84.4 4.4
8 2024 1 88.3 3.8
8 2025 1 85.0 3.6
9 2020 1 87.9 5.1
9 2021 1 88.6 6.1
9 2022 1 84.6 5.7
9 2023 1 88.7 5.1
9 2024 1 87.4 5.4
9 2025 1 87.5 4.8
10 2020 1 89.4 7.4
10 2021 1 90.7 5.3
10 2022 1 88.0 5.0
10 2023 1 89.3 7.1
10 2024 1 85.4 6.4
10 2025 1 86.1 5.0
11 2020 1 91.1 7.1
11 2021 1 90.8 7.1
11 2022 1 86.5 6.5
11 2023 1 86.2 8.3
11 2024 1 90.1 8.0
11 2025 1 86.8 5.7
12 2020 1 91.9 7.6
12 2021 1 87.9 8.0
12 2022 1 87.8 8.8
12 2023 1 91.3 6.9
12 2024 1 89.9 8.1
12 2025 1 88.8 9.1
13 2020 1 76.8 8.1
13 2021 1 77.8 9.5
13 2022 1 76.5 8.4
13 2023 1 80.9 9.4
13 2024 1 78.5 9.1
13 2025 1 77.3 8.2
14 2020 1 76.6 3.3
14 2021 1 76.9 2.5
14 2022 1 76.9 3.4
14 2023 1 78.4 4.2
14 2024 1 82.4 2.5
14 2025 1 80.1 3.5
15 2020 1 80.2 2.9
15 2021 1 83.0 4.2
15 2022 1 79.9 4.9
15 2023 1 80.7 3.1
15 2024 1 76.4 3.8
15 2025 1 77.2 3.9
16 2020 1 82.9 5.5
16 2021 1 83.8 3.8
16 2022 1 80.5 4.5
16 2023 1 82.4 4.2
16 2024 1 78.7 4.8
16 2025 1 79.4 4.3
17 2020 1 80.7 7.3
17 2021 1 81.7 7.1
17 2022 1 82.3 4.7
17 2023 1 84.5 7.0
17 2024 1 84.3 7.3
17 2025 1 83.7 5.0
18 2020 1 82.1 6.1
18 2021 1 82.1 5.7
18 2022 1 82.4 8.5
18 2023 1 82.2 7.9
18 2024 1 83.6 6.8
18 2025 1 86.5 8.5
19 2020 1 82.7 8.7
19 2021 1 81.5 7.4
19 2022 1 86.3 8.2
19 2023 1 85.0 8.7
19 2024 1 83.4 8.3
19 2025 1 86.4 9.1
20 2020 1 84.9 9.5
20 2021 1 83.7 8.1
20 2022 1 85.5 9.5
20 2023 1 82.9 7.9
20 2024 1 85.4 8.2
20 2025 1 83.1 9.4
21 2020 1 86.4 3.3
21 2021 1 86.5 4.3
21 2022 1 84.5 3.6
21 2023 1 84.3 2.7
21 2024 1 86.1 2.5
21 2025 1 83.9 3.8
22 2020 1 84.9 3.9
22 2021 1 89.5 5.5
22 2022 1 84.9 3.1
22 2023 1 85.8 5.3
22 2024 1 88.9 5.1
22 2025 1 86.3 3.0
23 2020 1 88.9 5.6
23 2021 1 88.2 6.5
23 2022 1 88.8 3.5
23 2023 1 90.0 4.4
23 2024 1 89.6 6.3
23 2025 1 87.4 3.8
24 2020 1 85.4 6.2
24 2021 1 87.1 6.3
24 2022 1 90.1 5.1
24 2023 1 90.5 5.3
24 2024 1 90.5 7.2
24 2025 1 93.1 4.8
25 2020 1 91.2 6.3
25 2021 1 88.3 7.8
25 2022 1 90.7 6.3
25 2023 1 90.4 7.2
25 2024 1 88.0 5.5
25 2025 1 85.5 8.1
26 2020 1 80.8 8.1
26 2021 1 80.1 8.2
26 2022 1 76.2 6.9
26 2023 1 76.6 9.2
26 2024 1 78.7 9.1
26 2025 1 78.8 7.1
27 2020 1 77.7 7.8
27 2021 1 80.4 9.5
27 2022 1 78.5 9.4
27 2023 1 77.3 9.5
27 2024 1 80.8 9.5
27 2025 1 80.6 9.5
28 2020 1 76.8 3.7
28 2021 1 78.8 4.3
28 2022 1 81.5 4.1
28 2023 1 82.0 2.5
28 2024 1 82.2 2.5
28 2025 1 83.1 4.1
29 2020 1 78.0 4.9
29 2021 1 80.0 3.4
29 2022 1 82.5 3.2
29 2023 1 79.4 3.1
29 2024 1 81.7 5.1
29 2025 1 85.7 3.3
30 2020 1 84.3 4.7
30 2021 1 85.2 5.1
30 2022 1 84.2 3.8
30 2023 1 83.6 4.0
30 2024 1 82.7 4.3
30 2025 1 77.6 4.8
31 2020 1 84.9 5.4
31 2021 1 83.9 6.0
31 2022 1 82.4 6.2
31 2023 1 81.4 6.6
31 2024 1 79.7 7.3
31 2025 1 82.0 6.7
32 2020 1 85.2 7.5
32 2021 1 83.3 5.7
32 2022 1 84.8 6.5
32 2023 1 83.1 8.0
32 2024 1 85.1 6.4
32 2025 1 83.0 6.7
33 2020 1 83.7 7.4
33 2021 1 82.7 7.8
33 2022 1 87.2 8.5
33 2023 1 87.4 8.3
33 2024 1 84.8 8.1
33 2025 1 83.7 7.4
34 2020 1 84.0 9.2
34 2021 1 86.0 8.9
34 2022 1 85.7 8.1
34 2023 1 86.7 9.5
34 2024 1 89.1 8.0
34 2025 1 86.3 9.0
35 2020 1 89.3 2.5
35 2021 1 89.4 3.8
35 2022 1 87.9 2.5
35 2023 1 84.7 2.5
35 2024 1 84.1 2.9
35 2025 1 86.3 2.5
36 2020 1 88.4 4.4
36 2021 1 86.9 4.6
36 2022 1 88.0 3.2
36 2023 1 88.4 2.5
36 2024 1 88.5 4.8
36 2025 1 84.8 3.8
37 2020 1 87.4 6.4
37 2021 1 89.1 3.7
37 2022 1 87.7 6.0
37 2023 1 88.8 5.9
37 2024 1 89.8 6.5
37 2025 1 89.5 6.4
38 2020 1 91.2 6.3
38 2021 1 90.7 6.0
38 2022 1 91.7 6.1
38 2023 1 92.4 6.7
38 2024 1 90.7 5.3
38 2025 1 89.9 6.4
39 2020 1 77.7 7.1
39 2021 1 77.8 6.3
39 2022 1 75.9 6.4
39 2023 1 77.7 6.5
39 2024 1 79.8 5.9
39 2025 1 79.1 7.6
40 2020 1 81.6 6.7
40 2021 1 79.3 8.1
40 2022 1 78.6 7.1
40 2023 1 77.8 9.2
40 2024 1 77.8 8.6
40 2025 1 78.4 8.8
41 2020 1 80.2 7.5
41 2021 1 79.7 9.5
41 2022 1 81.8 9.5
41 2023 1 79.2 9.5
41 2024 1 79.4 9.3
41 2025 1 77.4 8.2
42 2020 1 80.7 2.5
42 2021 1 80.2 3.5
42 2022 1 80.5 2.5
42 2023 1 80.8 2.5
42 2024 1 81.6 2.5
42 2025 1 80.5 3.2
43 2020 1 78.8 4.4
43 2021 1 79.8 3.9
43 2022 1 79.8 3.6
43 2023 1 81.0 3.5
43 2024 1 84.1 3.6
43 2025 1 84.5 5.0
44 2020 1 80.2 3.7
44 2021 1 79.8 5.1
44 2022 1 85.5 4.5
44 2023 1 84.6 5.8
44 2024 1 85.4 5.8
44 2025 1 87.6 4.1
45 2020 1 83.2 5.0
45 2021 1 82.9 6.5
45 2022 1 84.3 5.2
45 2023 1 84.2 6.8
45 2024 1 80.7 6.3
45 2025 1 82.8 4.8
46 2020 1 87.4 8.4
46 2021 1 83.4 5.6
46 2022 1 84.1 7.5
46 2023 1 86.9 6.7
46 2024 1 85.3 5.7
46 2025 1 84.8 7.4
47 2020 1 84.0 8.8
47 2021 1 87.8 8.3
47 2022 1 84.1 9.5
47 2023 1 87.4 7.5
47 2024 1 85.6 7.6
47 2025 1 86.0 7.5
48 2020 1 87.9 9.5
48 2021 1 84.6 9.5
48 2022 1 87.7 9.5
48 2023 1 88.4 8.8
48 2024 1 89.0 9.5
48 2025 1 87.1 9.5
49 2020 1 86.6 3.0
49 2021 1 86.9 3.7
49 2022 1 86.8 4.1
49 2023 1 90.5 2.5
49 2024 1 91.5 2.5
49 2025 1 90.2 3.3
50 2020 1 90.0 2.6
50 2021 1 91.6 3.0
50 2022 1 87.6 4.9
50 2023 1 87.4 5.1
50 2024 1 88.4 3.3
50 2025 1 84.2 5.3
51 2020 1 88.7 5.7
51 2021 1 90.3 5.8
51 2022 1 91.0 5.4
51 2023 1 89.6 5.9
51 2024 1 87.2 4.2
51 2025 1 89.8 4.4
52 2020 1 78.4 5.9
52 2021 1 78.2 5.8
52 2022 1 79.2 5.5
52 2023 1 79.0 5.3
52 2024 1 76.8 4.9
52 2025 1 76.5 4.9
53 2020 1 78.4 7.8
53 2021 1 77.0 6.1
53 2022 1 78.9 7.7
53 2023 1 81.8 7.1
53 2024 1 78.7 5.8
53 2025 1 78.7 6.2
54 2020 1 76.8 6.5
54 2021 1 79.4 7.3
54 2022 1 82.4 8.2
54 2023 1 81.8 6.9
54 2024 1 83.4 8.0
54 2025 1 84.3 8.2
55 2020 1 82.4 8.8
55 2021 1 80.2 7.7
55 2022 1 83.2 8.9
55 2023 1 81.8 8.7
55 2024 1 77.3 9.4
55 2025 1 76.4 7.9
56 2020 1 83.1 2.5
56 2021 1 84.9 2.5
56 2022 1 83.3 3.3
56 2023 1 83.1 2.5
56 2024 1 81.3 2.9
56 2025 1 80.5 4.1
57 2020 1 85.5 3.4
57 2021 1 83.6 4.3
57 2022 1 84.2 5.3
57 2023 1 81.5 3.1
57 2024 1 83.8 3.0
57 2025 1 81.4 2.7
58 2020 1 80.7 4.9
58 2021 1 84.1 4.4
58 2022 1 82.7 5.6
58 2023 1 85.4 4.9
58 2024 1 85.7 6.3
58 2025 1 86.6 5.4
59 2020 1 84.2 7.3
59 2021 1 83.8 6.1
59 2022 1 85.7 7.2
59 2023 1 87.4 4.7
59 2024 1 84.9 5.4
59 2025 1 88.6 6.2
60 2020 1 86.5 5.9
60 2021 1 87.7 7.6
60 2022 1 88.2 7.0
60 2023 1 85.2 5.7
60 2024 1 82.1 6.8
60 2025 1 82.7 6.3
61 2020 1 85.8 9.4
61 2021 1 89.1 8.2
61 2022 1 89.3 9.5
61 2023 1 87.5 7.3
61 2024 1 83.9 8.8
61 2025 1 85.7 8.5
62 2020 1 90.1 8.0
62 2021 1 88.4 9.4
62 2022 1 88.0 7.8
62 2023 1 87.2 8.5
62 2024 1 88.9 9.5
62 2025 1 87.1 9.5
63 2020 1 87.1 4.3
63 2021 1 90.2 3.2
63 2022 1 88.8 2.5
63 2023 1 88.5 4.4
63 2024 1 89.3 3.0
63 2025 1 92.6 3.5
64 2020 1 88.6 3.7
64 2021 1 87.6 3.6
64 2022 1 91.3 4.4
64 2023 1 92.1 3.1
64 2024 1 91.8 5.3
64 2025 1 92.1 4.6
65 2020 1 77.7 6.4
65 2021 1 79.3 4.2
65 2022 1 76.3 5.2
65 2023 1 77.5 3.8
65 2024 1 78.9 6.2
65 2025 1 75.4 3.9
66 2020 1 81.5 6.0
66 2021 1 80.5 6.0
66 2022 1 77.9 7.0
66 2023 1 81.0 5.2
66 2024 1 78.5 5.7
66 2025 1 79.9 6.0
67 2020 1 81.9 8.1
67 2021 1 78.9 7.9
67 2022 1 79.6 8.3
67 2023 1 80.0 8.0
67 2024 1 78.9 6.4
67 2025 1 80.4 8.5
68 2020 1 80.1 6.9
68 2021 1 80.8 7.5
68 2022 1 81.3 8.1
68 2023 1 81.2 7.5
68 2024 1 80.2 8.6
68 2025 1 82.6 7.2
69 2020 1 81.8 7.6
69 2021 1 82.4 9.5
69 2022 1 83.6 8.7
69 2023 1 83.6 9.5
69 2024 1 86.0 9.0
69 2025 1 82.1 9.0
70 2020 1 85.1 4.1
70 2021 1 85.7 2.8
70 2022 1 83.1 2.9
70 2023 1 83.3 2.7
70 2024 1 82.2 2.5
70 2025 1 80.4 4.4
71 2020 1 84.0 4.6
71 2021 1 85.1 5.1
71 2022 1 85.8 5.1
71 2023 1 83.0 3.4
71 2024 1 84.3 4.8
71 2025 1 84.7 2.6
72 2020 1 82.8 5.4
72 2021 1 87.1 6.5
72 2022 1 86.2 4.8
72 2023 1 83.0 5.4
72 2024 1 86.9 4.8
72 2025 1 86.0 6.2
73 2020 1 82.9 6.9
73 2021 1 84.6 5.6
73 2022 1 84.2 6.1
73 2023 1 86.7 6.9
73 2024 1 85.1 4.7
73 2025 1 89.1 6.4
74 2020 1 84.1 8.2
74 2021 1 84.4 6.9
74 2022 1 85.8 6.3
74 2023 1 85.3 7.9
74 2024 1 90.6 7.5
74 2025 1 87.7 6.8
75 2020 1 88.8 8.3
75 2021 1 89.5 7.8
75 2022 1 86.8 9.0
75 2023 1 85.7 7.7
75 2024 1 86.3 7.2
75 2025 1 86.0 8.2
76 2020 1 92.3 7.2
76 2021 1 91.8 7.7
76 2022 1 87.9 9.2
76 2023 1 89.5 9.5
76 2024 1 85.9 9.3
76 2025 1 87.8 9.5
77 2020 1 88.9 3.9
77 2021 1 90.5 2.6
77 2022 1 90.7 3.4
77 2023 1 90.9 3.7
77 2024 1 90.8 4.0
77 2025 1 90.6 4.2
78 2020 1 77.9 3.4
78 2021 1 77.3 4.2
78 2022 1 79.2 2.8
78 2023 1 77.4 4.7
78 2024 1 77.2 2.9
78 2025 1 79.4 5.4
79 2020 1 77.6 6.2
79 2021 1 79.9 4.3
79 2022 1 80.6 4.9
79 2023 1 81.3 5.7
79 2024 1 79.8 3.8
79 2025 1 83.7 3.9
80 2020 1 83.9 7.1
80 2021 1 81.9 7.4
80 2022 1 82.3 6.9
80 2023 1 78.5 6.9
80 2024 1 76.0 6.1
80 2025 1 77.4 6.5
81 2020 1 82.7 7.3
81 2021 1 83.0 8.3
81 2022 1 79.0 6.2
81 2023 1 78.2 8.2
81 2024 1 80.5 8.2
81 2025 1 78.4 5.7
82 2020 1 83.6 9.2
82 2021 1 81.0 7.7
82 2022 1 80.2 9.3
82 2023 1 81.0 8.0
82 2024 1 80.0 9.2
82 2025 1 80.2 7.9
83 2020 1 83.1 9.5
83 2021 1 84.8 8.8
83 2022 1 84.2 8.0
83 2023 1 83.0 7.8
83 2024 1 83.7 8.7
83 2025 1 86.5 7.6
84 2020 1 81.8 2.8
84 2021 1 85.5 4.1
84 2022 1 82.0 3.6
84 2023 1 85.0 4.4
84 2024 1 84.9 2.7
84 2025 1 84.8 2.5
85 2020 1 88.3 3.9
85 2021 1 86.6 4.4
85 2022 1 85.5 2.6
85 2023 1 85.6 3.2
85 2024 1 81.5 4.2
85 2025 1 80.4 4.8
86 2020 1 85.3 4.1
86 2021 1 88.2 4.5
86 2022 1 84.2 6.2
86 2023 1 83.1 6.1
86 2024 1 83.4 3.9
86 2025 1 83.6 4.0
87 2020 1 87.8 4.6
87 2021 1 84.6 6.9
87 2022 1 85.7 5.5
87 2023 1 85.4 4.7
87 2024 1 88.2 6.1
87 2025 1 88.2 5.9
88 2020 1 88.6 7.0
88 2021 1 85.6 7.0
88 2022 1 90.2 5.6
88 2023 1 89.8 8.1
88 2024 1 88.9 6.9
88 2025 1 91.5 5.7
89 2020 1 87.3 7.7
89 2021 1 89.1 8.0
89 2022 1 91.0 6.7
89 2023 1 87.7 8.3
89 2024 1 88.4 7.3
89 2025 1 92.1 7.4
90 2020 1 90.7 8.8
90 2021 1 91.0 8.5
90 2022 1 90.5 7.8
90 2023 1 90.2 9.3
90 2024 1 89.2 9.5
90 2025 1 88.7 8.1
91 2020 1 78.6 2.5
91 2021 1 77.6 2.9
91 2022 1 77.6 2.5
91 2023 1 77.2 3.5
91 2024 1 76.6 2.5
91 2025 1 78.9 2.5