0 2020 0 84.9 5.4
0 2021 0 83.9 6.0
0 2022 0 82.4 6.2
0 2023 0 81.4 6.6
0 2024 0 79.7 7.3
0 2025 0 82.0 6.7
1 2020 0 80.5 2.6
1 2021 0 78.3 3.2
1 2022 0 80.2 4.5
1 2023 0 80.6 2.8
1 2024 0 77.8 2.6
1 2025 0 76.4 4.0
2 2020 0 77.6 4.1
2 2021 0 80.7 5.1
2 2022 0 78.6 5.3
2 2023 0 81.5 3.5
2 2024 0 81.5 5.6
2 2025 0 79.2 4.0
3 2020 0 82.5 5.5
3 2021 0 78.6 4.8
3 2022 0 82.7 6.3
3 2023 0 82.9 6.7
3 2024 0 82.0 7.4
3 2025 0 81.6 6.2
4 2020 0 82.0 7.4
4 2021 0 83.0 7.2
4 2022 0 83.0 5.6
4 2023 0 81.4 6.4
4 2024 0 81.5 6.2
4 2025 0 82.4 6.3
5 2020 0 85.3 7.6
5 2021 0 83.2 7.1
5 2022 0 81.8 9.3
5 2023 0 82.9 8.3
5 2024 0 79.8 8.7
5 2025 0 78.9 7.6
6 2020 0 87.2 9.4
6 2021 0 84.7 9.5
6 2022 0 85.7 9.5
6 2023 0 82.2 7.6
6 2024 0 82.3 8.3
6 2025 0 81.4 9.5
7 2020 0 86.9 2.5
7 2021 0 85.8 2.7
7 2022 0 87.1 2.9
7 2023 0 83.8 2.5
7 2024 0 85.3 2.5
7 2025 0 85.4 4.2
8 2020 0 84.7 3.2
8 2021 0 88.1 4.0
8 2022 0 84.0 2.6
8 2023 0 84.4 4.4
8 2024 0 88.3 3.8
8 2025 0 85.0 3.6
9 2020 0 87.9 5.1
9 2021 0 88.6 6.1
9 2022 0 84.6 5.7
9 2023 0 88.7 5.1
9 2024 0 87.4 5.4
9 2025 0 87.5 4.8
10 2020 0 89.4 7.4
10 2021 0 90.7 5.3
10 2022 0 88.0 5.0
10 2023 0 89.3 7.1
10 2024 0 85.4 6.4
10 2025 0 86.1 5.0
11 2020 0 91.1 7.1
11 2021 0 90.8 7.1
11 2022 0 86.5 6.5
11 2023 0 86.2 8.3
11 2024 0 90.1 8.0
11 2025 0 86.8 5.7
12 2020 0 91.9 7.6
12 2021 0 87.9 8.0
12 2022 0 87.8 8.8
12 2023 0 91.3 6.9
12 2024 0 89.9 8.1
12 2025 0 88.8 9.1
13 2020 0 76.8 8.1
13 2021 0 77.8 9.5
13 2022 0 76.5 8.4
13 2023 0 80.9 9.4
13 2024 0 78.5 9.1
13 2025 0 77.3 8.2
14 2020 0 76.6 3.3
14 2021 0 76.9 2.5
14 2022 0 76.9 3.4
14 2023 0 78.4 4.2
14 2024 0 82.4 2.5
14 2025 0 80.1 3.5
15 2020 0 80.2 2.9
15 2021 0 83.0 4.2
15 2022 0 79.9 4.9
15 2023 0 80.7 3.1
15 2024 0 76.4 3.8
15 2025 0 77.2 3.9
16 2020 0 82.9 5.5
16 2021 0 83.8 3.8
16 2022 0 80.5 4.5
16 2023 0 82.4 4.2
16 2024 0 78.7 4.8
16 2025 0 79.4 4.3
17 2020 0 80.7 7.3
17 2021 0 81.7 7.1
17 2022 0 82.3 4.7
17 2023 0 84.5 7.0
17 2024 0 84.3 7.3
17 2025 0 83.7 5.0
18 2020 0 82.1 6.1
18 2021 0 82.1 5.7
18 2022 0 82.4 8.5
18 2023 0 82.2 7.9
18 2024 0 83.6 6.8
18 2025 0 86.5 8.5
19 2020 0 82.7 8.7
19 2021 0 81.5 7.4
19 2022 0 86.3 8.2
19 2023 0 85.0 8.7
19 2024 0 83.4 8.3
19 2025 0 86.4 9.1
20 2020 0 84.9 9.5
20 2021 0 83.7 8.1
20 2022 0 85.5 9.5
20 2023 0 82.9 7.9
20 2024 0 85.4 8.2
20 2025 0 83.1 9.4
21 2020 0 86.4 3.3
21 2021 0 86.5 4.3
21 2022 0 84.5 3.6
21 2023 0 84.3 2.7
21 2024 0 86.1 2.5
21 2025 0 83.9 3.8
22 2020 0 84.9 3.9
22 2021 0 89.5 5.5
22 2022 0 84.9 3.1
22 2023 0 85.8 5.3
22 2024 0 88.9 5.1
22 2025 0 86.3 3.0
23 2020 0 88.9 5.6
23 2021 0 88.2 6.5
23 2022 0 88.8 3.5
23 2023 0 90.0 4.4
23 2024 0 89.6 6.3
23 2025 0 87.4 3.8
24 2020 0 85.4 6.2
24 2021 0 87.1 6.3
24 2022 0 90.1 5.1
24 2023 0 90.5 5.3
24 2024 0 90.5 7.2
24 2025 0 93.1 4.8
25 2020 0 91.2 6.3
25 2021 0 88.3 7.8
25 2022 0 90.7 6.3
25 2023 0 90.4 7.2
25 2024 0 88.0 5.5
25 2025 0 85.5 8.1
26 2020 0 80.8 8.1
26 2021 0 80.1 8.2
26 2022 0 76.2 6.9
26 2023 0 76.6 9.2
26 2024 0 78.7 9.1
26 2025 0 78.8 7.1
27 2020 0 77.7 7.8
27 2021 0 80.4 9.5
27 2022 0 78.5 9.4
27 2023 0 77.3 9.5
27 2024 0 80.8 9.5
27 2025 0 80.6 9.5
28 2020 0 76.8 3.7
28 2021 0 78.8 4.3
28 2022 0 81.5 4.1
28 2023 0 82.0 2.5
28 2024 0 82.2 2.5
28 2025 0 83.1 4.1
29 2020 0 78.0 4.9
29 2021 0 80.0 3.4
29 2022 0 82.5 3.2
29 2023 0 79.4 3.1
29 2024 0 81.7 5.1
29 2025 0 85.7 3.3
30 2020 0 84.3 4.7
30 2021 0 85.2 5.1
30 2022 0 84.2 3.8
30 2023 0 83.6 4.0
30 2024 0 82.7 4.3
30 2025 0 77.6 4.8
0 2020 1 84.9 5.4
0 2021 1 83.9 6.0
0 2022 1 82.4 6.2
0 2023 1 81.4 6.6
0 2024 1 79.7 7.3
0 2025 1 82.0 6.7
1 2020 1 80.5 2.6
1 2021 1 78.3 3.2
1 2022 1 80.2 4.5
1 2023 1 80.6 2.8
1 2024 1 77.8 2.6
1 2025 1 76.4 4.0
2 2020 1 77.6 4.1
2 2021 1 80.7 5.1
2 2022 1 78.6 5.3
2 2023 1 81.5 3.5
2 2024 1 81.5 5.6
2 2025 1 79.2 4.0
3 2020 1 82.5 5.5
3 2021 1 78.6 4.8
3 2022 1 82.7 6.3
3 2023 1 82.9 6.7
3 2024 1 82.0 7.4
3 2025 1 81.6 6.2
4 2020 1 82.0 7.4
4 2021 1 83.0 7.2
4 2022 1 83.0 5.6
4 2023 1 81.4 6.4
4 2024 1 81.5 6.2
4 2025 1 82.4 6.3
5 2020 1 85.3 7.6
5 2021 1 83.2 7.1
5 2022 1 81.8 9.3
5 2023 1 82.9 8.3
5 2024 1 79.8 8.7
5 2025 1 78.9 7.6
6 2020 1 87.2 9.4
6 2021 1 84.7 9.5
6 2022 1 85.7 9.5
6 2023 1 82.2 7.6
6 2024 1 82.3 8.3
6 2025 1 81.4 9.5
7 2020 1 86.9 2.5
7 2021 1 85.8 2.7
7 2022 1 87.1 2.9
7 2023 1 83.8 2.5
7 2024 1 85.3 2.5
7 2025 1 85.4 4.2
8 2020 1 84.7 3.2
8 2021 1 88.1 4.0
8 2022 1 84.0 2.6
8 2023 1 84.4 4.4
8 2024 1 88.3 3.8
8 2025 1 85.0 3.6
9 2020 1 87.9 5.1
9 2021 1 88.6 6.1
9 2022 1 84.6 5.7
9 2023 1 88.7 5.1
9 2024 1 87.4 5.4
9 2025 1 87.5 4.8
10 2020 1 89.4 7.4
10 2021 1 90.7 5.3
10 2022 1 88.0 5.0
10 2023 1 89.3 7.1
10 2024 1 85.4 6.4
10 2025 1 86.1 5.0
11 2020 1 91.1 7.1
11 2021 1 90.8 7.1
11 2022 1 86.5 6.5
11 2023 1 86.2 8.3
11 2024 1 90.1 8.0
11 2025 1 86.8 5.7
12 2020 1 91.9 7.6
12 2021 1 87.9 8.0
12 2022 1 87.8 8.8
12 2023 1 91.3 6.9
12 2024 1 89.9 8.1
12 2025 1 88.8 9.1
13 2020 1 76.8 8.1
13 2021 1 77.8 9.5
13 2022 1 76.5 8.4
13 2023 1 80.9 9.4
13 2024 1 78.5 9.1
13 2025 1 77.3 8.2
14 2020 1 76.6 3.3
14 2021 1 76.9 2.5
14 2022 1 76.9 3.4
14 2023 1 78.4 4.2
14 2024 1 82.4 2.5
14 2025 1 80.1 3.5
15 2020 1 80.2 2.9
15 2021 1 83.0 4.2
15 2022 1 79.9 4.9
15 2023 1 80.7 3.1
15 2024 1 76.4 3.8
15 2025 1 77.2 3.9
16 2020 1 82.9 5.5
16 2021 1 83.8 3.8
16 2022 1 80.5 4.5
16 2023 1 82.4 4.2
16 2024 1 78.7 4.8
16 2025 1 79.4 4.3
17 2020 1 80.7 7.3
17 2021 1 81.7 7.1
17 2022 1 82.3 4.7
17 2023 1 84.5 7.0
17 2024 1 84.3 7.3
17 2025 1 83.7 5.0
18 2020 1 82.1 6.1
18 2021 1 82.1 5.7
18 2022 1 82.4 8.5
18 2023 1 82.2 7.9
18 2024 1 83.6 6.8
18 2025 1 86.5 8.5
19 2020 1 82.7 8.7
19 2021 1 81.5 7.4
19 2022 1 86.3 8.2
19 2023 1 85.0 8.7
19 2024 1 83.4 8.3
19 2025 1 86.4 9.1
20 2020 1 84.9 9.5
20 2021 1 83.7 8.1
20 2022 1 85.5 9.5
20 2023 1 82.9 7.9
20 2024 1 85.4 8.2
20 2025 1 83.1 9.4
21 2020 1 86.4 3.3
21 2021 1 86.5 4.3
21 2022 1 84.5 3.6
21 2023 1 84.3 2.7
21 2024 1 86.1 2.5
21 2025 1 83.9 3.8
22 2020 1 84.9 3.9
22 2021 1 89.5 5.5
22 2022 1 84.9 3.1
22 2023 1 85.8 5.3
22 2024 1 88.9 5.1
22 2025 1 86.3 3.0
23 2020 1 88.9 5.6
23 2021 1 88.2 6.5
23 2022 1 88.8 3.5
23 2023 1 90.0 4.4
23 2024 1 89.6 6.3
23 2025 1 87.4 3.8
24 2020 1 85.4 6.2
24 2021 1 87.1 6.3
24 2022 1 90.1 5.1
24 2023 1 90.5 5.3
24 2024 1 90.5 7.2
24 2025 1 93.1 4.8
25 2020 1 91.2 6.3
25 2021 1 88.3 7.8
25 2022 1 90.7 6.3
25 2023 1 90.4 7.2
25 2024 1 88.0 5.5
25 2025 1 85.5 8.1
26 2020 1 80.8 8.1
26 2021 1 80.1 8.2
26 2022 1 76.2 6.9
26 2023 1 76.6 9.2
26 2024 1 78.7 9.1
26 2025 1 78.8 7.1
27 2020 1 77.7 7.8
27 2021 1 80.4 9.5
27 2022 1 78.5 9.4
27 2023 1 77.3 9.5
27 2024 1 80.8 9.5
27 2025 1 80.6 9.5
28 2020 1 76.8 3.7
28 2021 1 78.8 4.3
28 2022 1 81.5 4.1
28 2023 1 82.0 2.5
28 2024 1 82.2 2.5
28 2025 1 83.1 4.1
29 2020 1 78.0 4.9
29 2021 1 80.0 3.4
29 2022 1 82.5 3.2
29 2023 1 79.4 3.1
29 2024 1 81.7 5.1
29 2025 1 85.7 3.3
30 2020 1 84.3 4.7
30 2021 1 85.2 5.1
30 2022 1 84.2 3.8
30 2023 1 83.6 4.0
30 2024 1 82.7 4.3
30 2025 1 77.6 4.8
