1|0|0|-1|수학
2|0|0|-1|기본선택
3|1|4|0|수학 I
3|1|4|1|수학 II
3|1|4|2|미적분학 I
3|1|4|3|미적분학 II
2|0|0|-1|심화선택
3|1|3|4|정수론
3|1|3|5|선형대수학
1|0|0|-1|물리학
2|0|0|-1|기본선택
3|1|4|6|물리학 I
3|1|3|7|물리학 II
3|1|4|8|물리학 III
2|0|0|-1|심화선택
3|1|3|9|고급물리학 I
3|1|3|10|고급물리학 II
1|0|0|-1|화학
2|0|0|-1|기본선택
3|1|3|11|화학 I
3|1|4|12|화학 II
3|1|4|13|화학 III
2|0|0|-1|심화선택
3|1|3|14|고급화학 I
3|1|3|15|고급화학 II
1|0|0|-1|생명과학
2|0|0|-1|기본선택
3|1|3|16|생명과학 I
3|1|3|17|생명과학 II
3|1|4|18|생명과학 III
2|0|0|-1|심화선택
3|1|3|19|고급생명과학 I
3|1|3|20|고급생명과학 II
1|0|0|-1|지구과학
2|0|0|-1|기본선택
3|1|3|21|지구과학 I
3|1|3|22|지구과학 II
3|1|3|23|지구과학 III
2|0|0|-1|심화선택
3|1|3|24|고급지구과학 I
3|1|3|25|고급지구과학 II
1|0|0|-1|정보
2|0|0|-1|기본선택
3|1|3|26|컴퓨터과학 I
3|1|2|27|컴퓨터과학 II
3|1|3|28|고급프로그래밍
2|0|0|-1|심화선택
3|1|3|29|자료구조
3|1|3|30|인공지능
